[metadata]
source_output = "paramfit_chon_n_stage_explicit_maemax.out"
parameter_mode = "explicit"
objective = "mae-max"
cds_treatment = "fixed"

[rho_ang]
C = 1.6527205816
H = 0.9301858518
N = 1.4504089661
O = 1.4189391527

[sij]
BR_BR = 0.8600000000
BR_C = 0.8600000000
BR_CL = 0.8600000000
BR_F = 0.8600000000
BR_H = 0.5900000000
BR_I = 0.8600000000
BR_N = 0.8600000000
BR_O = 0.8600000000
BR_P = 0.8600000000
BR_S = 0.8600000000
C_BR = 0.6700000000
C_C = 0.7935807871
C_CL = 0.6700000000
C_F = 0.6700000000
C_H = 0.6878869262
C_I = 0.6700000000
C_N = 0.7121567005
C_O = 0.7482578923
C_P = 0.6700000000
C_S = 0.6700000000
CL_BR = 1.0000000000
CL_C = 1.0000000000
CL_CL = 1.0000000000
CL_F = 1.0000000000
CL_H = 0.7600000000
CL_I = 1.0000000000
CL_N = 1.0000000000
CL_O = 1.0000000000
CL_P = 1.0000000000
CL_S = 1.0000000000
F_BR = 1.0000000000
F_C = 1.0000000000
F_CL = 1.0000000000
F_F = 1.0000000000
F_H = 0.6500000000
F_I = 1.0000000000
F_N = 1.0000000000
F_O = 1.0000000000
F_P = 1.0000000000
F_S = 1.0000000000
H_BR = 1.0000000000
H_C = 0.9015298251
H_CL = 0.5000000000
H_F = 0.5000000000
H_H = 1.0000000000
H_I = 1.0000000000
H_N = 0.8445559113
H_O = 0.9242864422
H_P = 1.0000000000
H_S = 0.5000000000
I_BR = 1.0000000000
I_C = 1.0000000000
I_CL = 1.0000000000
I_F = 1.0000000000
I_H = 0.6300000000
I_I = 1.0000000000
I_N = 1.0000000000
I_O = 1.0000000000
I_P = 1.0000000000
I_S = 1.0000000000
N_BR = 0.5200000000
N_C = 0.5829259638
N_CL = 0.5200000000
N_F = 0.5200000000
N_H = 0.5046022573
N_I = 0.5200000000
N_N = 0.5042335988
N_O = 0.9986064736
N_P = 0.5200000000
N_S = 0.5200000000
O_BR = 1.0000000000
O_C = 0.6051049718
O_CL = 1.0000000000
O_F = 1.0000000000
O_H = 0.5000000000
O_I = 1.0000000000
O_N = 0.9971445042
O_O = 1.0000000000
O_P = 1.0000000000
O_S = 1.0000000000
P_BR = 0.5000000000
P_C = 0.5000000000
P_CL = 0.5000000000
P_F = 0.5000000000
P_H = 0.9800000000
P_I = 0.5000000000
P_N = 0.5000000000
P_O = 0.5000000000
P_P = 0.5000000000
P_S = 0.5000000000
S_BR = 1.0000000000
S_C = 1.0000000000
S_CL = 1.0000000000
S_F = 1.0000000000
S_H = 0.7800000000
S_I = 1.0000000000
S_N = 1.0000000000
S_O = 1.0000000000
S_P = 1.0000000000
S_S = 1.0000000000

[dij]
d0 = 3.6470493045
dCH = 4.7097246722
