[metadata]
source_output = "paramfit_chonsp_hal_stage_grouped_maemax.out"
parameter_mode = "hal-grouped"
objective = "mae-max"
cds_treatment = "fixed"

[rho_ang]
BR = 2.7889097991
C = 1.6527205816
CL = 0.9976585171
F = 2.1624155636
H = 0.9301858518
N = 1.4504089661
O = 1.4189391527
P = 2.9624904321
S = 2.6589901591

[sij]
BR_BR = 0.9988165585
BR_C = 0.8919579805
BR_CL = 0.9988165585
BR_F = 0.9988165585
BR_H = 0.7347319192
BR_I = 0.8600000000
BR_N = 0.7757243072
BR_O = 0.7816666865
BR_P = 0.7101471111
BR_S = 0.5080819863
C_BR = 0.5216715863
C_C = 0.7935807871
C_CL = 0.5216715863
C_F = 0.5216715863
C_H = 0.6878869262
C_I = 0.6700000000
C_N = 0.7121567005
C_O = 0.7482578923
C_P = 0.6366019804
C_S = 0.5596687744
CL_BR = 0.9988165585
CL_C = 0.8919579805
CL_CL = 0.9988165585
CL_F = 0.9988165585
CL_H = 0.7347319192
CL_I = 1.0000000000
CL_N = 0.7757243072
CL_O = 0.7816666865
CL_P = 0.7101471111
CL_S = 0.5080819863
F_BR = 0.9988165585
F_C = 0.8919579805
F_CL = 0.9988165585
F_F = 0.9988165585
F_H = 0.7347319192
F_I = 1.0000000000
F_N = 0.7757243072
F_O = 0.7816666865
F_P = 0.7101471111
F_S = 0.5080819863
H_BR = 0.9987712754
H_C = 0.9015298251
H_CL = 0.9987712754
H_F = 0.9987712754
H_H = 1.0000000000
H_I = 1.0000000000
H_N = 0.8445559113
H_O = 0.9242864422
H_P = 0.8670450500
H_S = 0.5961567262
I_BR = 1.0000000000
I_C = 1.0000000000
I_CL = 1.0000000000
I_F = 1.0000000000
I_H = 0.6300000000
I_I = 1.0000000000
I_N = 1.0000000000
I_O = 1.0000000000
I_P = 1.0000000000
I_S = 1.0000000000
N_BR = 0.6799302123
N_C = 0.5829259638
N_CL = 0.6799302123
N_F = 0.6799302123
N_H = 0.5046022573
N_I = 0.5200000000
N_N = 0.5042335988
N_O = 0.9986064736
N_P = 0.5742812849
N_S = 0.5909029064
O_BR = 0.6480892865
O_C = 0.6051049718
O_CL = 0.6480892865
O_F = 0.6480892865
O_H = 0.5000000000
O_I = 1.0000000000
O_N = 0.9971445042
O_O = 1.0000000000
O_P = 0.7661458135
O_S = 0.9092415476
P_BR = 0.7991328113
P_C = 0.9480720809
P_CL = 0.7991328113
P_F = 0.7991328113
P_H = 0.7840751906
P_I = 0.5000000000
P_N = 0.7232036553
P_O = 0.6343863769
P_P = 0.8956444752
P_S = 0.8496541842
S_BR = 0.5268065619
S_C = 0.5278667297
S_CL = 0.5268065619
S_F = 0.5268065619
S_H = 0.9725672641
S_I = 1.0000000000
S_N = 0.8333789820
S_O = 0.6165506823
S_P = 0.7872593979
S_S = 0.8936827761

[dij]
d0 = 3.6470493045
dCH = 4.7097246722
